Image,Id,id
018722ca.jpg,w_a837660,2812
02a783c8.jpg,w_2a939eb,686
03fbb4cb.jpg,w_71c7322,1878
048b9040.jpg,w_5b99089,1503
04dd6cc6.jpg,w_3197568,812
04fcc7f0.jpg,w_1d53d9c,473
0523d3a2.jpg,w_a18d0dc,2700
0545526f.jpg,w_da63cba,3612
06bfa037.jpg,w_a14ccaa,2694
0749d9c2.jpg,w_71c7322,1878
07b74c39.jpg,w_a837660,2812
0868ded1.jpg,w_1489751,332
0a68446c.jpg,w_71c7322,1878
0b1e39ff.jpg,w_0d48a7d,221
0ccf9364.jpg,w_0d48a7d,221
0dd0edf4.jpg,w_94cd45e,2500
0dd507d3.jpg,w_fd07344,4189
0dd5c3ed.jpg,w_a837660,2812
0e2bee83.jpg,w_77e1d3f,1993
0e8c8c34.jpg,w_4855bd3,1201
0f399c2a.jpg,w_5f50b5e,1567
0fc584fc.jpg,w_a14ccaa,2694
103529b2.jpg,w_1a5e7a2,431
1114c835.jpg,w_b8dff40,3071
11402db3.jpg,w_77e1d3f,1993
11c6a61b.jpg,w_b6689cc,3028
129c160e.jpg,w_d9aab0a,3602
144dfae0.jpg,w_db2baec,3631
171b6d0f.jpg,w_8b56cb1,2336
1b089ea6.jpg,w_4855bd3,1201
1c35a699.jpg,w_5ba417d,1504
1d5bd8f0.jpg,w_3197568,812
1ec5aebf.jpg,w_4855bd3,1201
1f36e7b8.jpg,w_4855bd3,1201
1fb7e4c9.jpg,w_67fecca,1720
206f8e7a.jpg,w_78f2e92,2011
207d12ff.jpg,w_e61dd6d,3814
21452666.jpg,w_1d53d9c,473
21b6fb1a.jpg,w_e61dd6d,3814
22eba2fc.jpg,w_b8dff40,3071
23f9ba33.jpg,w_d9aab0a,3602
240180f3.jpg,w_77e1d3f,1993
25330ad1.jpg,w_4855bd3,1201
256e3c20.jpg,w_a14ccaa,2694
25c9e881.jpg,w_5ba417d,1504
279b03ac.jpg,w_35063ed,866
28af5611.jpg,w_5ba417d,1504
29606b33.jpg,w_db2baec,3631
2a2ecd4b.jpg,w_a18d0dc,2700
2c1df05d.jpg,w_41ed8e8,1088
2c2a4d81.jpg,w_d9aab0a,3602
2c3e707c.jpg,w_a837660,2812
2c8bccd2.jpg,w_d9055d1,3590
2d5d5b9a.jpg,w_367b996,887
2e9d2677.jpg,w_71c7322,1878
2ebde5ae.jpg,w_9ec358c,2669
30cb064a.jpg,w_d19a884,3465
3173ae78.jpg,w_11adaae,294
32fce9b5.jpg,w_11adaae,294
348081f7.jpg,w_35063ed,866
34c47702.jpg,w_71764b4,1870
35695be2.jpg,w_9ec358c,2669
367c590e.jpg,w_b6689cc,3028
3702efff.jpg,w_2a939eb,686
38464f93.jpg,w_e61dd6d,3814
39885be8.jpg,w_5b99089,1503
3a935629.jpg,w_48a98d7,1208
3ad4e7c7.jpg,w_9b67e87,2621
3d5c10fd.jpg,w_3197568,812
3e793658.jpg,w_1d53d9c,473
3ff1e633.jpg,w_d22af00,3474
41700c90.jpg,w_2a18a44,681
43577066.jpg,w_d382236,3497
43e89f36.jpg,w_d19a884,3465
44d5c23c.jpg,w_2dae424,742
45966756.jpg,w_2dae424,742
45b25470.jpg,w_62f804d,1632
476f249a.jpg,w_3197568,812
48638b2d.jpg,w_883557a,2270
487f8abe.jpg,w_e61dd6d,3814
49f27fad.jpg,w_71c7322,1878
4a1dee2d.jpg,w_0d48a7d,221
4ae474bc.jpg,w_715d152,1869
4b45d1b7.jpg,w_9cb529f,2640
4b6430d7.jpg,w_35063ed,866
4bc40c3e.jpg,w_b6410bc,3025
4ced450d.jpg,w_367b996,887
4e4bcb45.jpg,w_9b67e87,2621
4fc624a7.jpg,w_b6410bc,3025
500fa998.jpg,w_da63cba,3612
50ada087.jpg,w_d9055d1,3590
511d1b7d.jpg,w_94cd45e,2500
511f5932.jpg,w_b8dff40,3071
51f6b1b1.jpg,w_d382236,3497
52a00a13.jpg,w_d22af00,3474
53c207cf.jpg,w_94cd45e,2500
549e1c12.jpg,w_db2baec,3631
54d6179b.jpg,w_fd07344,4189
553ef753.jpg,w_9cb529f,2640
55683fb9.jpg,w_b6689cc,3028
55cb38a4.jpg,w_367b996,887
564baf5a.jpg,w_d22af00,3474
567cc10d.jpg,w_c3d523d,3251
56b78981.jpg,w_62f804d,1632
56b7d8a9.jpg,w_1a5e7a2,431
58796b42.jpg,w_b6410bc,3025
5aa15488.jpg,w_1a5e7a2,431
5af41c8c.jpg,w_67fecca,1720
5cd7dac1.jpg,w_8b56cb1,2336
5cdc1adb.jpg,w_2dae424,742
5d36d78b.jpg,w_41ed8e8,1088
5d6e4cca.jpg,w_11adaae,294
5d7102b4.jpg,w_41ed8e8,1088
5eab4453.jpg,w_d9aab0a,3602
6181edee.jpg,w_715d152,1869
61b971bb.jpg,w_c3d523d,3251
627a81f5.jpg,w_8b56cb1,2336
64e25fd2.jpg,w_9b67e87,2621
65373147.jpg,w_883557a,2270
658f26f4.jpg,w_78f2e92,2011
65c8a8a1.jpg,w_a18d0dc,2700
6802cfd6.jpg,w_42f935c,1105
69cb458b.jpg,w_367b996,887
6a179092.jpg,w_2a939eb,686
6ba7d896.jpg,w_d22af00,3474
6c3acbcc.jpg,w_1489751,332
6d09c20c.jpg,w_1489751,332
6f6d346d.jpg,w_4855bd3,1201
708e139a.jpg,w_42f935c,1105
712045b8.jpg,w_5f50b5e,1567
717cf033.jpg,w_c3d523d,3251
7224bdff.jpg,w_11adaae,294
7236c1f6.jpg,w_41ed8e8,1088
73616977.jpg,w_5ba417d,1504
73cfb77f.jpg,w_42f935c,1105
7491fdcb.jpg,w_fd07344,4189
756e12d0.jpg,w_d19a884,3465
7668456a.jpg,w_1a5e7a2,431
78eb1f86.jpg,w_5f50b5e,1567
7993a1b3.jpg,w_b8dff40,3071
7b484271.jpg,w_35063ed,866
7e22aca7.jpg,w_da63cba,3612
7f323593.jpg,w_3197568,812
7f919fd2.jpg,w_8b56cb1,2336
819a871a.jpg,w_9cb529f,2640
83a355c2.jpg,w_48a98d7,1208
83c74909.jpg,w_d382236,3497
8692887e.jpg,w_5b99089,1503
86c2a07d.jpg,w_9ec358c,2669
87e7cbe3.jpg,w_35063ed,866
8bcac806.jpg,w_b6410bc,3025
8cd71ca5.jpg,w_94cd45e,2500
8d6f9f59.jpg,w_c3d523d,3251
8e6f17a3.jpg,w_db2baec,3631
8f6e2cef.jpg,w_5b99089,1503
8fcc0ae0.jpg,w_67fecca,1720
8fefa7d0.jpg,w_9ec358c,2669
90befe0d.jpg,w_48a98d7,1208
9229a511.jpg,w_62f804d,1632
92b9b101.jpg,w_0d48a7d,221
93613295.jpg,w_e61dd6d,3814
9370c6ce.jpg,w_a18d0dc,2700
95140e5e.jpg,w_4ebeafb,1306
9523828c.jpg,w_fd07344,4189
958a789f.jpg,w_2a18a44,681
979c70f7.jpg,w_715d152,1869
97acf51b.jpg,w_5f50b5e,1567
982537a1.jpg,w_67fecca,1720
9c318792.jpg,w_1489751,332
9d4ec8e6.jpg,w_a837660,2812
9e908dc3.jpg,w_48a98d7,1208
9f982966.jpg,w_a18d0dc,2700
9fa7003e.jpg,w_d9aab0a,3602
a12a8eeb.jpg,w_2dae424,742
a2181970.jpg,w_71764b4,1870
a23d95cc.jpg,w_715d152,1869
a2a9e710.jpg,w_48a98d7,1208
a4901e25.jpg,w_9cb529f,2640
a4c208f4.jpg,w_b6410bc,3025
a788ed25.jpg,w_db2baec,3631
a858d7a4.jpg,w_2a18a44,681
a8dc3377.jpg,w_1489751,332
a946daad.jpg,w_d382236,3497
a9df16e4.jpg,w_9b67e87,2621
adbc0231.jpg,w_1d53d9c,473
af1f53e5.jpg,w_71c7322,1878
b0e799e0.jpg,w_a14ccaa,2694
b129024b.jpg,w_9b67e87,2621
b17a50b1.jpg,w_11adaae,294
b1b00b75.jpg,w_77e1d3f,1993
b1faef42.jpg,w_a14ccaa,2694
b2510a40.jpg,w_9ec358c,2669
b2b82527.jpg,w_42f935c,1105
b315fcbb.jpg,w_b8dff40,3071
b4157e12.jpg,w_78f2e92,2011
b52dbf8e.jpg,w_b6410bc,3025
b5d0fff2.jpg,w_67fecca,1720
b69d8fdb.jpg,w_4ebeafb,1306
b788d7a8.jpg,w_9cb529f,2640
b7da90a5.jpg,w_a14ccaa,2694
bc479acb.jpg,w_77e1d3f,1993
bc5f3a1d.jpg,w_d9055d1,3590
bd069141.jpg,w_d9055d1,3590
bd6c9902.jpg,w_4ebeafb,1306
bdcd0321.jpg,w_78f2e92,2011
be41e022.jpg,w_2a939eb,686
bf647ddd.jpg,w_42f935c,1105
c2925409.jpg,w_d19a884,3465
c392e2e5.jpg,w_2a18a44,681
c401f186.jpg,w_48a98d7,1208
c4783988.jpg,w_c3d523d,3251
c749b2a5.jpg,w_11adaae,294
c75d9bca.jpg,w_da63cba,3612
c837a3ef.jpg,w_d22af00,3474
c86e2847.jpg,w_5f50b5e,1567
c9619e98.jpg,w_4ebeafb,1306
c968929b.jpg,w_1d53d9c,473
ca8356b9.jpg,w_d9aab0a,3602
cb4e2446.jpg,w_9b67e87,2621
cbff1356.jpg,w_b8dff40,3071
cd656086.jpg,w_77e1d3f,1993
ce24a71a.jpg,w_42f935c,1105
cf0f99d2.jpg,w_d9055d1,3590
cf447b12.jpg,w_e61dd6d,3814
d271f15d.jpg,w_1d53d9c,473
d2d61aff.jpg,w_c3d523d,3251
d3566bd4.jpg,w_67fecca,1720
d3996b4f.jpg,w_2dae424,742
d52c4624.jpg,w_715d152,1869
d5e47727.jpg,w_62f804d,1632
d609c7a2.jpg,w_94cd45e,2500
d6c1125a.jpg,w_b6689cc,3028
d7cb0821.jpg,w_d19a884,3465
d93357ee.jpg,w_b6689cc,3028
db1d90b7.jpg,w_715d152,1869
db7c77c9.jpg,w_9cb529f,2640
dc8d5725.jpg,w_2a939eb,686
dccecc93.jpg,w_71764b4,1870
dcfa710f.jpg,w_78f2e92,2011
dd003555.jpg,w_d19a884,3465
dd85429c.jpg,w_4ebeafb,1306
ddf1016b.jpg,w_2a18a44,681
dec64ebb.jpg,w_a18d0dc,2700
df9c98dd.jpg,w_3197568,812
e127d040.jpg,w_1a5e7a2,431
e29a39c9.jpg,w_da63cba,3612
e2b9560b.jpg,w_2dae424,742
e3500bdb.jpg,w_883557a,2270
e4a44402.jpg,w_4ebeafb,1306
e4c4bf4e.jpg,w_35063ed,866
e5003265.jpg,w_41ed8e8,1088
e5c97852.jpg,w_71764b4,1870
e868091f.jpg,w_367b996,887
ea00fbe6.jpg,w_71764b4,1870
ea5f45ca.jpg,w_0d48a7d,221
eaa07cb8.jpg,w_a837660,2812
eb356fbc.jpg,w_d9055d1,3590
ebb465ae.jpg,w_883557a,2270
ebfc7f6a.jpg,w_883557a,2270
ed7af2b5.jpg,w_db2baec,3631
ee42423b.jpg,w_62f804d,1632
ee888bc2.jpg,w_5f50b5e,1567
ef66cd11.jpg,w_9ec358c,2669
ef6abd5a.jpg,w_367b996,887
efcf3af9.jpg,w_d382236,3497
f00f98fb.jpg,w_0d48a7d,221
f16597f6.jpg,w_d382236,3497
f19697e2.jpg,w_78f2e92,2011
f2677a33.jpg,w_71764b4,1870
f3d5e3f6.jpg,w_5ba417d,1504
f44ffb82.jpg,w_94cd45e,2500
f4e6dda2.jpg,w_41ed8e8,1088
f56e9692.jpg,w_1a5e7a2,431
f5d404ef.jpg,w_da63cba,3612
f6327668.jpg,w_5ba417d,1504
f790ab91.jpg,w_1489751,332
f7e94a2d.jpg,w_5b99089,1503
fa4c20f2.jpg,w_fd07344,4189
faed814e.jpg,w_62f804d,1632
fb479aa0.jpg,w_8b56cb1,2336
fbd1322d.jpg,w_b6689cc,3028
fc6177e8.jpg,w_883557a,2270
fcc84c8e.jpg,w_fd07344,4189
fcea175a.jpg,w_2a18a44,681
fe2e3631.jpg,w_d22af00,3474
fe4fa036.jpg,w_5b99089,1503
feb9ded0.jpg,w_2a939eb,686
ffecec63.jpg,w_8b56cb1,2336
